joint_names: [shoulder_pan_joint, shoulder_lift_joint, elbow_joint, wrist_1_joint, wrist_2_joint, wrist_3_joint]
points:
  - t: 1.0
    positions: [-2.537493321687249, -0.42731488364226067, -1.5400119955586629, 0.39653055261113, 1.570796327, 0.9651043415076623]
  - t: 4.0
    positions: [-2.4, -0.6, -1.3, 0.2, 1.4, 0.8]
  - t: 7.0
    positions: [-2.537493321687249, -0.42731488364226067, -1.5400119955586629, 0.39653055261113, 1.570796327, 0.9651043415076623]
